name: ru-music-com
channels:
  - conda-forge
  - defaults
dependencies:
  - appdirs=1.4.4=pyh9f0ad1d_0
  - attrs=23.2.0=pyh71513ae_0
  - automat=22.10.0=pyhd8ed1ab_0
  - bcrypt=4.1.2=py311hc37eb10_0
  - brotli-python=1.1.0=py311h12c1d0e_1
  - bzip2=1.0.8=hcfcfb64_5
  - ca-certificates=2023.11.17=h56e8100_0
  - certifi=2023.11.17=pyhd8ed1ab_0
  - cffi=1.16.0=py311ha68e1ae_0
  - charset-normalizer=3.3.2=pyhd8ed1ab_0
  - constantly=15.1.0=py_0
  - cryptography=41.0.7=py311h7cb4080_1
  - cssselect=1.2.0=pyhd8ed1ab_0
  - filelock=3.13.1=pyhd8ed1ab_0
  - hyperlink=21.0.0=pyhd3deb0d_0
  - idna=3.6=pyhd8ed1ab_0
  - incremental=22.10.0=pyhd8ed1ab_0
  - itemadapter=0.8.0=pyhd8ed1ab_0
  - itemloaders=1.1.0=pyhd8ed1ab_0
  - jmespath=1.0.1=pyhd8ed1ab_0
  - libexpat=2.5.0=h63175ca_1
  - libffi=3.4.2=h8ffe710_5
  - libiconv=1.17=hcfcfb64_2
  - libsqlite=3.44.2=hcfcfb64_0
  - libxml2=2.12.4=hc3477c8_1
  - libxslt=1.1.39=h3df6e99_0
  - libzlib=1.2.13=hcfcfb64_5
  - lxml=5.1.0=py311h064e5ff_0
  - openssl=3.2.0=hcfcfb64_1
  - packaging=23.2=pyhd8ed1ab_0
  - parsel=1.8.1=pyhd8ed1ab_0
  - pip=23.3.2=pyhd8ed1ab_0
  - protego=0.3.0=pyhd8ed1ab_0
  - pyasn1=0.5.1=pyhd8ed1ab_0
  - pyasn1-modules=0.3.0=pyhd8ed1ab_0
  - pycparser=2.21=pyhd8ed1ab_0
  - pydispatcher=2.0.5=py_1
  - pyopenssl=23.3.0=pyhd8ed1ab_0
  - pysocks=1.7.1=pyh0701188_6
  - python=3.11.7=h2628c8c_1_cpython
  - python_abi=3.11=4_cp311
  - pywin32=306=py311h12c1d0e_2
  - queuelib=1.6.2=pyhd8ed1ab_0
  - requests=2.31.0=pyhd8ed1ab_0
  - requests-file=1.5.1=pyh9f0ad1d_0
  - scrapy=2.11.0=py311h1ea47a8_0
  - service-identity=21.1.0=pyhd8ed1ab_0
  - service_identity=21.1.0=hd8ed1ab_0
  - setuptools=69.0.3=pyhd8ed1ab_0
  - six=1.16.0=pyh6c4a22f_0
  - tk=8.6.13=h5226925_1
  - tldextract=5.1.1=pyhd8ed1ab_0
  - twisted=22.10.0=py311ha68e1ae_0
  - twisted-iocpsupport=1.0.4=py311ha68e1ae_1
  - typing-extensions=4.9.0=hd8ed1ab_0
  - typing_extensions=4.9.0=pyha770c72_0
  - tzdata=2023d=h0c530f3_0
  - ucrt=10.0.22621.0=h57928b3_0
  - urllib3=2.1.0=pyhd8ed1ab_0
  - vc=14.3=hcf57466_18
  - vc14_runtime=14.38.33130=h82b7239_18
  - vs2015_runtime=14.38.33130=hcb4865c_18
  - w3lib=2.1.2=pyhd8ed1ab_0
  - wheel=0.42.0=pyhd8ed1ab_0
  - win_inet_pton=1.1.0=pyhd8ed1ab_6
  - xz=5.2.6=h8d14728_0
  - zope.interface=6.1=py311ha68e1ae_0
  - pip:
      - greenlet==3.0.3
      - playwright==1.41.1
      - pyee==11.0.1
prefix: E:\Programs\Development\Miniconda\envs\ru-music-com
